"region","name","alpha_D","beta1","beta10","beta11","beta12","beta13","beta14","beta15","beta16","beta17","beta18","beta19","beta2","beta20","beta21","beta22","beta23","beta24","beta25","beta26","beta27","beta28","beta29","beta3","beta30","beta31","beta32","beta33","beta34","beta35","beta36","beta37","beta38","beta39","beta4","beta40","beta41","beta42","beta5","beta6","beta7","beta8","beta9","mu_D_1","mu_D_2","p_G_D","start_date"
"kabwe","alpha_D",0.000190611528597845,2.87626906703391e-06,-1.86710931742456e-07,-3.30634430909697e-06,-1.75411446871356e-06,1.27879590721958e-07,-6.1741218754636e-06,2.75350608630887e-06,1.71269216340523e-06,-2.77285512348467e-06,-3.60600982332734e-06,4.73949542298872e-07,-2.83524321314894e-06,-8.95540868844061e-06,5.17246234630661e-06,1.55824495213767e-05,6.17140441052135e-06,3.34756538912532e-06,-4.76134971010501e-06,8.13368323972201e-06,4.76107963112698e-06,-3.91352493216526e-06,8.2085921689085e-06,-3.01889172266064e-06,3.56579506997059e-06,-2.2697782260005e-06,-4.69253108644936e-07,1.97889136026676e-05,-2.05858569356223e-06,8.28117044208331e-06,8.12609576513679e-06,-3.96765380107207e-06,4.47106274486416e-06,-3.71873683193962e-05,-3.54031164050787e-06,-1.06986706277243e-05,-7.82566318585342e-06,-9.84222182002869e-06,-1.252586482084e-07,3.23169603958476e-07,-9.31564489297506e-07,6.24370210925407e-06,5.84925067704058e-06,-8.14464588595714e-05,0.000595592224786446,-6.4089956649662e-05,-0.000195939502586158
"kabwe","beta1",2.87626906703391e-06,0.000111500217108314,-6.51251878098578e-07,3.24562073945477e-06,9.13854960522104e-07,-2.80833210324265e-07,3.02752588538136e-06,-3.52121472602438e-06,1.68225404549582e-06,6.74849255372437e-07,3.70953467190256e-06,-1.03425883004848e-05,3.90713546048094e-06,3.45074434806172e-06,-2.69508375065657e-06,2.66242153009601e-06,1.90283436747187e-06,-4.81583669979616e-06,4.17144201413951e-06,3.9605972988803e-06,-1.92127734144505e-06,-2.57641150152341e-07,-9.8491586557914e-06,6.81199925074613e-06,-7.62640267919682e-06,9.8501946409584e-06,5.35007949559414e-06,1.21216429781342e-06,2.42165283947483e-06,3.18193458547892e-06,-2.43205275324086e-06,5.56403668985251e-06,1.05526501773574e-05,-1.23225804355976e-06,-3.14384268086473e-06,-7.35319903675833e-06,-7.00000929453821e-06,9.27282805108588e-07,-6.27470064355354e-06,-4.03299103865442e-06,-5.26445670513187e-06,-3.69970506575832e-06,9.99257400063526e-07,5.66079381304422e-05,-6.30218570578738e-05,6.50071874526582e-07,0.00248455460682741
"kabwe","beta10",-1.86710931742456e-07,-6.51251878098578e-07,2.99861503771172e-05,-8.88698769546326e-06,-3.96200501106195e-06,1.80398090019654e-06,1.36431289436361e-06,-2.71429761131142e-06,1.06596880102782e-06,-2.75314005105007e-06,1.79426681507257e-06,4.8262346217084e-07,2.92134757687049e-06,1.8611312111843e-06,3.17505117041249e-06,-1.09366823143026e-07,7.3161451123304e-07,1.53105632920563e-06,-6.56159864043813e-07,-1.96174930220157e-06,8.96467986520217e-07,4.04924116562467e-06,-1.48407597444214e-06,2.54734888904234e-06,4.53844984312418e-07,2.31863313467541e-06,-3.75238175210538e-06,-3.55181698144456e-07,4.15597436745761e-07,-1.22951146916793e-06,1.25140683700087e-06,1.32043688036028e-06,-1.89449742584049e-06,-1.11615209288091e-06,-1.17798737278967e-06,-1.64855714703943e-06,-3.45953650091115e-06,5.41392500361124e-07,6.58363873701022e-07,7.36652400531683e-07,-4.95908911986273e-06,-5.37631244399236e-06,-7.7546159551642e-06,7.82213792772252e-05,0.000103696335440472,-6.98792991203966e-06,-0.000204052627674396
"kabwe","beta11",-3.30634430909697e-06,3.24562073945477e-06,-8.88698769546326e-06,2.50726476920515e-05,-7.95869593428385e-06,-6.50560276070037e-06,-3.67589524722166e-06,-4.77932923462161e-07,-9.0024446526489e-07,9.84620007434482e-07,-2.14640155071167e-06,4.58459526503748e-06,-4.8308548332844e-07,2.46787927226433e-06,-2.90903923605145e-06,1.94235774226555e-06,-9.64537880405161e-08,7.7709024568612e-07,-8.03805062457519e-07,2.08362641514709e-06,-3.13732185328672e-06,3.13282217733326e-07,5.74524055195612e-07,-9.47284258545818e-08,1.20412138075959e-06,-1.30917843500412e-06,2.94882570485869e-06,-4.37087419304848e-07,7.70204026529637e-07,-8.99934630898494e-07,-5.59799657497278e-08,-1.46770697902854e-06,-1.05498269380613e-06,-1.98515892823715e-06,4.95883335217064e-07,4.90502427720578e-07,2.86362197767623e-06,7.49405027184892e-07,-2.00155464697182e-06,2.04894760446036e-06,1.24184411988446e-06,-8.45783339473111e-07,-3.40177227552723e-06,-7.7902164816316e-05,-6.39685333899922e-05,1.4127442160858e-05,1.85890262778969e-05
"kabwe","beta12",-1.75411446871356e-06,9.13854960522104e-07,-3.96200501106195e-06,-7.95869593428385e-06,3.513963104629e-05,-1.18564662303775e-05,-9.17875440912195e-06,-3.07389740184324e-06,-1.31806500730628e-07,-1.78395330894244e-07,-1.05454971913405e-06,-1.60752895378939e-08,1.91268412376974e-06,-2.07206990164607e-06,-1.17811937142974e-06,3.42031541915181e-06,-3.14021115397529e-06,3.77620991661125e-06,-8.41630718169568e-07,-8.63469407501181e-07,3.95375167757339e-07,-4.08902416203476e-06,7.85499079532365e-07,-5.71053393885774e-07,6.45057181483278e-07,4.71417669460386e-06,-1.88382176452695e-06,-2.84818158897111e-06,2.1621990644295e-06,-1.94239149290107e-06,-1.45110292764577e-07,-1.21895900245526e-06,1.90929673412334e-07,4.53050640640033e-06,6.5502473070512e-06,3.1405969245317e-06,-4.02027208988584e-06,5.46192354569376e-06,1.83417074785085e-06,-2.21276161903845e-06,-5.34925949752366e-07,-3.10346927135725e-06,-1.9144068904551e-06,-3.79461176409307e-06,-0.000155693990556843,1.33064510037683e-05,0.000364422027739813
"kabwe","beta13",1.27879590721958e-07,-2.80833210324265e-07,1.80398090019654e-06,-6.50560276070037e-06,-1.18564662303775e-05,4.59339916389789e-05,-7.99200687510648e-06,-6.96565444104113e-06,-7.68156575189559e-06,-3.34132197588051e-06,-1.24314755073879e-06,-4.14864222790128e-06,1.68031206406343e-06,-2.12825292691697e-06,2.07767257924815e-06,-4.31957846362044e-07,2.80735139783514e-06,-4.54964310052605e-06,-8.18090551465991e-07,-6.03409548739196e-07,1.82222470999753e-06,-6.93651699922052e-07,2.19970328050267e-06,-7.06697685322901e-07,-2.26968601323929e-06,-2.55843380915791e-06,-5.40253167751556e-06,-1.02850825611386e-07,-7.26756459357937e-07,3.16973414927858e-07,-3.45105574223284e-06,9.48523725495363e-07,1.50638104571646e-06,-2.8033025183676e-06,-1.53105203019201e-06,6.46243241107825e-06,1.2450988469787e-06,2.3302844286108e-06,2.72034807362849e-06,-1.41393467939733e-06,-1.68204963580849e-06,-2.41640753822664e-08,8.58447917092678e-07,4.9991998595688e-05,1.96564887487818e-05,-1.13299734764469e-06,-0.000252896282746206
"kabwe","beta14",-6.1741218754636e-06,3.02752588538136e-06,1.36431289436361e-06,-3.67589524722166e-06,-9.17875440912195e-06,-7.99200687510648e-06,5.11876198179881e-05,-1.08664247417706e-05,-9.11911531823997e-06,-4.44814342412248e-06,-3.94113674465201e-06,-8.10837970594415e-07,2.35222155198455e-06,-4.2608635923166e-06,2.77936560514392e-06,-4.54598185773722e-06,8.43449082958876e-07,-1.05428953019545e-06,-6.00349035033858e-07,-1.98064888971735e-06,2.18049484030361e-07,3.51117246997192e-06,-1.82992152075448e-06,3.50131909617444e-06,-7.34368003973971e-06,-1.25301860940947e-06,3.07150033155309e-06,-2.28422675438018e-06,-3.12807497217712e-06,-3.01162433312392e-06,4.22676678272912e-06,3.50269221859123e-06,-5.50942551148057e-06,-9.19003974209415e-06,-1.0673057145203e-06,-8.66039368594963e-06,1.59145954824355e-06,-1.69627682744308e-06,-3.14008551295381e-06,1.0811063969892e-06,6.11265898988535e-08,-2.01954184278725e-06,6.96373438266062e-07,0.000194786343487253,8.95771590525343e-06,-1.35332153253857e-05,5.26197038553266e-05
"kabwe","beta15",2.75350608630887e-06,-3.52121472602438e-06,-2.71429761131142e-06,-4.77932923462161e-07,-3.07389740184324e-06,-6.96565444104113e-06,-1.08664247417706e-05,5.79637361757582e-05,-1.4497604615731e-05,-9.1213212129366e-06,-5.64795713598265e-06,-5.33454883998101e-06,2.05414427499437e-06,1.93050910972687e-06,-4.90249718428268e-06,-2.19658221190192e-07,1.00275709024735e-06,2.25892395986519e-06,4.01083043418155e-07,1.56783916763921e-06,2.36769699115897e-06,-2.78798596955164e-07,-2.63768683088572e-06,1.91200649281116e-06,9.25101226871361e-07,3.74411877023437e-06,-6.36823307886381e-07,1.47720579564274e-06,7.23190049835677e-06,-2.77034986235873e-06,4.42441315896071e-06,-7.34614670845069e-06,4.92882749426617e-06,4.35418761751397e-06,-1.1592316895866e-06,-8.69170168424107e-07,4.48378751151142e-06,-4.74788698923502e-06,-2.97013146768254e-06,-3.05323313830788e-07,2.27648155249236e-06,2.34122765327003e-06,-2.10506764611285e-06,-1.46614223088132e-05,3.15623738727556e-05,2.67151807519706e-06,-0.000319838013127705
"kabwe","beta16",1.71269216340523e-06,1.68225404549582e-06,1.06596880102782e-06,-9.0024446526489e-07,-1.31806500730628e-07,-7.68156575189559e-06,-9.11911531823997e-06,-1.4497604615731e-05,6.84676020071786e-05,-1.68645452555253e-05,-1.08550076408551e-05,-3.13943638843706e-06,-1.38005110671059e-06,-2.12302955412085e-06,-3.01016261486249e-06,-2.10421737925268e-06,-1.12495301242918e-06,-1.37582321791686e-06,6.95976365750372e-06,-3.26694719691094e-08,-2.90238811596255e-06,-8.0184924684944e-07,2.00743117491471e-06,1.54255631879006e-06,5.21432847531333e-06,-5.85789359417027e-06,2.67541611629418e-06,8.39665369309953e-06,-7.28191442845714e-06,5.85584394875057e-06,-1.34812185124621e-06,5.7370064206018e-07,9.55893327090447e-07,-4.26374907254663e-08,2.59045900712933e-06,9.51392626656475e-07,-5.88629498473857e-06,-2.74294319457022e-06,-2.58445488226829e-06,5.3127754943839e-07,-5.04894276735198e-06,2.7693606902529e-06,2.3956852303519e-06,0.000160701040313211,3.57109712842194e-06,2.09513343776965e-06,0.000417946345481561
"kabwe","beta17",-2.77285512348467e-06,6.74849255372437e-07,-2.75314005105007e-06,9.84620007434482e-07,-1.78395330894244e-07,-3.34132197588051e-06,-4.44814342412248e-06,-9.1213212129366e-06,-1.68645452555253e-05,7.18133555974658e-05,-1.29642778441095e-05,-1.02426089929991e-05,-1.55196997815278e-06,-1.01681690857834e-05,-7.22952784362939e-07,-4.64909866479648e-06,3.03440193379304e-06,-5.396257846884e-06,3.36431571849217e-07,-4.98136583594819e-06,2.66573406122412e-06,4.41109656352299e-06,-3.67777308327714e-06,3.10111821036924e-06,-4.18572299232567e-06,-9.31988420220044e-07,-2.96432227433365e-06,-5.96901964002534e-06,-4.65961134437949e-06,4.51322801423407e-06,9.73086041572117e-07,3.72324730130361e-06,-4.66266338065127e-06,2.39321619393873e-06,9.63746240472917e-08,-8.99284056121598e-07,2.38850298919217e-06,-2.19817091796353e-06,1.43382602483387e-06,-2.29179693509837e-06,1.29113475325768e-06,-1.54145574610096e-06,1.03967863660981e-06,0.000229447524725733,-0.00021043803382975,-7.74633145469649e-06,4.90443681812549e-05
"kabwe","beta18",-3.60600982332734e-06,3.70953467190256e-06,1.79426681507257e-06,-2.14640155071167e-06,-1.05454971913405e-06,-1.24314755073879e-06,-3.94113674465201e-06,-5.64795713598265e-06,-1.08550076408551e-05,-1.29642778441095e-05,8.20434676386903e-05,-2.54368855521382e-05,8.87212710098375e-07,-1.41134420461485e-05,1.78498044766553e-06,-2.07555648465907e-06,-2.45501252979578e-06,3.08828979613564e-06,-7.39112088035902e-07,6.23747795251063e-07,1.27165659505124e-06,2.87798712186441e-06,-3.08925919513079e-06,-5.47109330712211e-06,2.10089481237554e-06,3.7775030445075e-06,-2.53748609346379e-06,1.50834163984183e-06,1.62528491645198e-06,-3.428618150649e-07,-2.41972111726126e-06,7.04543509362408e-06,-3.47925627502897e-06,2.59498839550654e-06,1.72890716588583e-06,2.42504280520028e-06,4.6318996506408e-06,2.51164287960879e-06,-1.4376722093931e-06,3.68677458723563e-06,2.48101306922835e-06,-2.91152466005286e-06,1.82528132870058e-06,0.000185073664644926,0.000177598052620885,-2.55878101664856e-05,6.54589002748054e-05
"kabwe","beta19",4.73949542298872e-07,-1.03425883004848e-05,4.8262346217084e-07,4.58459526503748e-06,-1.60752895378939e-08,-4.14864222790128e-06,-8.10837970594415e-07,-5.33454883998101e-06,-3.13943638843706e-06,-1.02426089929991e-05,-2.54368855521382e-05,8.34064792897595e-05,2.98030156423527e-06,-2.237262792253e-05,-1.33614259842162e-05,6.69164510916448e-08,-2.01274718213624e-07,1.8529009733491e-06,9.90619050010402e-07,-1.05628616263713e-06,-5.78040682022111e-06,-4.23712517965311e-06,8.29828186290367e-06,-2.68369712517309e-07,3.04166264135605e-06,4.97866232266127e-06,-3.79241846228497e-06,-6.86559324694606e-06,2.0282705023511e-06,-1.28164040233529e-06,-4.39376489938749e-06,4.46069012731179e-07,-3.43515528231227e-06,4.68454524232017e-06,-2.24902859359475e-06,2.54018362103231e-06,-1.70625046539841e-06,1.10326097979594e-06,5.69134748215096e-06,-1.39882273640215e-06,-2.54952883245101e-06,2.13376657659186e-06,-4.34186381238237e-06,-0.000162091369321125,-9.13201867157404e-05,2.47257536593901e-05,-0.000466801944727308
"kabwe","beta2",-2.83524321314894e-06,3.90713546048094e-06,2.92134757687049e-06,-4.8308548332844e-07,1.91268412376974e-06,1.68031206406343e-06,2.35222155198455e-06,2.05414427499437e-06,-1.38005110671059e-06,-1.55196997815278e-06,8.87212710098375e-07,2.98030156423527e-06,6.55824729046326e-05,1.78772887896031e-06,-2.97174147916386e-06,-5.39990759363846e-06,7.26700740032999e-07,1.958956309884e-06,3.860843484922e-06,-2.77301369513191e-06,-2.72394993369344e-06,3.46777126122693e-06,-9.46490441553484e-07,7.71655038077458e-07,-1.93992407451203e-06,7.70168707542719e-06,-9.24896744327348e-06,-6.50380926512868e-07,3.84781148206218e-06,-5.31161260815057e-07,5.25811773364006e-07,4.56993712044195e-06,-1.12307610338395e-05,2.94145129855052e-07,-7.01321389516867e-06,-8.9726697258325e-07,-1.36199735991535e-06,5.66257609867161e-06,-1.8877000652043e-05,-1.36891352848646e-05,-9.00245438423549e-06,-2.8213525931418e-06,-3.6202943959376e-06,-4.15959766597978e-05,-0.000152028014591636,2.02045580016027e-05,0.000641763658937093
"kabwe","beta20",-8.95540868844061e-06,3.45074434806172e-06,1.8611312111843e-06,2.46787927226433e-06,-2.07206990164607e-06,-2.12825292691697e-06,-4.2608635923166e-06,1.93050910972687e-06,-2.12302955412085e-06,-1.01681690857834e-05,-1.41134420461485e-05,-2.237262792253e-05,1.78772887896031e-06,9.464770942262e-05,-3.2021832876102e-05,-2.86260194581482e-06,3.7938110636655e-07,1.3951138933087e-06,-2.52238537104148e-06,6.56731231494046e-06,-3.96285022846492e-06,1.77528955833311e-07,4.41474017238777e-06,-4.77827417035694e-09,-4.98510460643099e-06,-6.19890092399783e-06,6.53428219474553e-06,-1.27497858049884e-06,6.86607819053615e-06,-5.16601172460963e-06,5.79674465657264e-06,-1.91344250974841e-06,3.14549089631621e-07,-7.79680342844796e-07,-3.81803519574742e-06,-1.26821136095285e-06,-5.14040377225935e-06,1.58779372225958e-06,3.16497624915356e-06,3.92971891761793e-06,-4.28387250511308e-07,-3.46149781137321e-07,-3.86549638750768e-06,-0.000254771676422146,-0.000109866617054876,1.84724656228871e-05,-0.00057668873210166
"kabwe","beta21",5.17246234630661e-06,-2.69508375065657e-06,3.17505117041249e-06,-2.90903923605145e-06,-1.17811937142974e-06,2.07767257924815e-06,2.77936560514392e-06,-4.90249718428268e-06,-3.01016261486249e-06,-7.22952784362939e-07,1.78498044766553e-06,-1.33614259842162e-05,-2.97174147916386e-06,-3.2021832876102e-05,9.89810528460387e-05,-3.59495904454969e-05,-3.53334269125088e-06,1.76107850902912e-06,3.43264976623947e-06,-1.63430055031492e-06,8.34619742785123e-06,-1.43674170558362e-06,-3.50738504704028e-06,5.79656344018084e-07,5.11185183281386e-06,2.71753600362808e-07,9.99652836482141e-06,-5.60641634472854e-06,-1.54259716344235e-06,9.23878335201689e-06,-6.01114500255317e-06,2.634006318241e-06,5.60186095861945e-06,4.24379859316097e-06,3.21304179627821e-06,3.96330344193294e-06,2.3422618681762e-06,-1.0817453867228e-06,2.20412380544132e-06,-2.93517323327715e-06,-1.08861425027789e-07,8.41245339917326e-07,3.05706837859736e-06,-0.000158695505234252,0.000181138199082628,-5.59277499552482e-06,0.000621331264800462
"kabwe","beta22",1.55824495213767e-05,2.66242153009601e-06,-1.09366823143026e-07,1.94235774226555e-06,3.42031541915181e-06,-4.31957846362044e-07,-4.54598185773722e-06,-2.19658221190192e-07,-2.10421737925268e-06,-4.64909866479648e-06,-2.07555648465907e-06,6.69164510916448e-08,-5.39990759363846e-06,-2.86260194581482e-06,-3.59495904454969e-05,8.60064503471569e-05,-3.43350977649215e-05,5.25444852762081e-06,-2.03187950866669e-06,5.78062835835629e-06,3.39173727587034e-06,5.02625587623284e-06,-4.04381681314121e-06,-1.29624876789332e-06,4.16212045611587e-06,2.32115495421212e-06,-1.11188927556755e-06,8.6949777082045e-06,7.3901538876407e-06,-2.12509298565223e-06,2.32730697352744e-06,-3.56981911745027e-06,1.24091558191155e-06,2.67529920373742e-07,6.33763961926556e-06,-1.46464741257037e-06,-7.78305646786668e-06,-1.57425223202207e-06,-5.06736480734047e-07,4.816365274199e-07,9.20627973013451e-07,-1.36707462752246e-06,9.61341509225511e-07,-0.000257118491555775,0.000338957036558821,-2.32262913662371e-05,4.79898681393812e-05
"kabwe","beta23",6.17140441052135e-06,1.90283436747187e-06,7.3161451123304e-07,-9.64537880405161e-08,-3.14021115397529e-06,2.80735139783514e-06,8.43449082958876e-07,1.00275709024735e-06,-1.12495301242918e-06,3.03440193379304e-06,-2.45501252979578e-06,-2.01274718213624e-07,7.26700740032999e-07,3.7938110636655e-07,-3.53334269125088e-06,-3.43350977649215e-05,7.18649598824653e-05,-3.50459735783518e-05,5.40540354655742e-06,7.34976517752677e-07,-2.05526649669669e-06,3.39819207883236e-06,4.56770571456153e-06,3.07393595778003e-06,1.74479298342728e-06,-5.12338167641816e-07,1.68544880117608e-06,2.0613352047564e-06,3.47333061897799e-06,2.5682719616498e-06,1.36902580923443e-06,2.19903528645007e-06,-2.40935109476845e-07,-6.31595970786074e-06,-4.25584569626425e-06,-2.19350444466671e-06,1.51592670236865e-05,-1.23176477928791e-06,-2.15004595977597e-06,1.82842283202193e-06,3.91888404758353e-06,-1.89036991466926e-06,9.59172330292728e-07,-0.000251796636041912,7.84930067467454e-05,5.85957920694327e-06,-0.000106187346215255
"kabwe","beta24",3.34756538912532e-06,-4.81583669979616e-06,1.53105632920563e-06,7.7709024568612e-07,3.77620991661125e-06,-4.54964310052605e-06,-1.05428953019545e-06,2.25892395986519e-06,-1.37582321791686e-06,-5.396257846884e-06,3.08828979613564e-06,1.8529009733491e-06,1.958956309884e-06,1.3951138933087e-06,1.76107850902912e-06,5.25444852762081e-06,-3.50459735783518e-05,5.88188377453053e-05,-2.78053709013482e-05,1.17849252313596e-06,3.22700328102735e-06,-2.04785240890338e-06,7.73587927180519e-06,-1.83171707097891e-06,2.6049221254748e-06,2.47240902176544e-06,5.08090138730306e-06,4.76771620712845e-06,3.65594387287153e-07,-2.24223693121123e-06,8.02266372988895e-07,3.75189432652202e-07,-3.21910224652572e-06,9.75106179006365e-06,1.4957954201338e-06,-8.05050447196276e-06,-9.07924809257773e-06,6.23652515069688e-06,1.90952427094347e-06,-8.66347554383884e-08,-1.42087214209359e-07,-3.48595817607103e-06,8.17983712617856e-07,-0.000162449819544518,6.54065020506324e-05,5.96517179154779e-06,-0.000195471446763011
"kabwe","beta25",-4.76134971010501e-06,4.17144201413951e-06,-6.56159864043813e-07,-8.03805062457519e-07,-8.41630718169568e-07,-8.18090551465991e-07,-6.00349035033858e-07,4.01083043418155e-07,6.95976365750372e-06,3.36431571849217e-07,-7.39112088035902e-07,9.90619050010402e-07,3.860843484922e-06,-2.52238537104148e-06,3.43264976623947e-06,-2.03187950866669e-06,5.40540354655742e-06,-2.78053709013482e-05,5.54622228876431e-05,-2.03464095466015e-05,-3.09266685996234e-06,6.00117550283625e-06,1.06523337390926e-07,4.48783725465939e-06,1.64452123014086e-06,5.49261109349196e-06,6.22033020381856e-06,1.94576265969001e-06,9.53706964265454e-07,1.14230928763321e-05,-4.3496936816128e-06,2.95394187202963e-06,-4.60231819851611e-06,-6.86813173553086e-06,1.05449707298247e-06,7.99801326076314e-06,4.71595548684328e-06,-8.99925993139837e-06,-3.02713198779239e-06,-3.23081941245526e-06,-2.9657184353646e-06,1.68028128640555e-06,-1.44528879025457e-06,-0.00023378311676947,0.000357406330780891,6.97817949690915e-06,-0.000140875536448696
"kabwe","beta26",8.13368323972201e-06,3.9605972988803e-06,-1.96174930220157e-06,2.08362641514709e-06,-8.63469407501181e-07,-6.03409548739196e-07,-1.98064888971735e-06,1.56783916763921e-06,-3.26694719691094e-08,-4.98136583594819e-06,6.23747795251063e-07,-1.05628616263713e-06,-2.77301369513191e-06,6.56731231494046e-06,-1.63430055031492e-06,5.78062835835629e-06,7.34976517752677e-07,1.17849252313596e-06,-2.03464095466015e-05,5.63990484268024e-05,-2.07391667001921e-05,-8.97364724039412e-06,-1.42200528811685e-06,-2.89490493197942e-06,3.61177483280834e-06,8.56779886260293e-07,3.50414527523431e-06,4.90284883676489e-06,1.55292308991208e-05,-5.67430123858475e-06,5.93114451896946e-06,-1.23023443214079e-06,7.15434568246359e-06,4.64916961060616e-06,1.00105543476264e-06,-2.78474480893842e-06,-2.40862156790576e-06,6.36453022554543e-06,2.68535084337473e-06,3.2933539213052e-07,4.6177789109413e-07,1.25561866549993e-06,9.09042391643612e-07,-0.000160568936164233,0.000267662467244137,-3.22280756002369e-06,0.000353839172354382
"kabwe","beta27",4.76107963112698e-06,-1.92127734144505e-06,8.96467986520217e-07,-3.13732185328672e-06,3.95375167757339e-07,1.82222470999753e-06,2.18049484030361e-07,2.36769699115897e-06,-2.90238811596255e-06,2.66573406122412e-06,1.27165659505124e-06,-5.78040682022111e-06,-2.72394993369344e-06,-3.96285022846492e-06,8.34619742785123e-06,3.39173727587034e-06,-2.05526649669669e-06,3.22700328102735e-06,-3.09266685996234e-06,-2.07391667001921e-05,7.64868037098209e-05,-2.62473854636837e-05,-1.75266230653651e-05,1.30339859123655e-06,-8.26088068386965e-06,3.55799932314148e-06,1.8918975769476e-06,1.15147135966656e-05,-5.5717166805944e-06,9.2811649753398e-06,1.98837623868124e-06,-4.64914802573858e-06,-4.19222575512753e-07,7.0358152910488e-06,1.54495427993678e-06,5.91955940939215e-06,3.74490696237703e-06,1.69784570829679e-06,-3.78459134705007e-06,1.33607981203191e-06,5.06587433293201e-06,-3.42463882633499e-06,-2.76551023827928e-08,-0.000156518731922639,0.000217469289299564,-2.19383231698739e-06,0.000281697444260933
"kabwe","beta28",-3.91352493216526e-06,-2.57641150152341e-07,4.04924116562467e-06,3.13282217733326e-07,-4.08902416203476e-06,-6.93651699922052e-07,3.51117246997192e-06,-2.78798596955164e-07,-8.0184924684944e-07,4.41109656352299e-06,2.87798712186441e-06,-4.23712517965311e-06,3.46777126122693e-06,1.77528955833311e-07,-1.43674170558362e-06,5.02625587623284e-06,3.39819207883236e-06,-2.04785240890338e-06,6.00117550283625e-06,-8.97364724039412e-06,-2.62473854636837e-05,0.00010314666195238,-3.40749044441288e-05,3.99386698909834e-06,-2.00279158853605e-05,-3.79400350796493e-06,1.83127223098257e-06,3.08591475852711e-06,-2.05250388382967e-06,4.57423826598683e-06,7.44949213532656e-07,4.96157744650945e-06,-1.29502930621287e-05,-1.28767774293354e-05,-3.18112439473271e-06,4.47588389268558e-06,-2.69362865191107e-06,-4.5921164316907e-06,-1.2516227183534e-06,1.853526919761e-06,-1.20318078693924e-06,-1.47752028660979e-06,-1.41802208253488e-06,-0.00018787593736288,0.000178203963892016,1.48734639840441e-05,0.000152237560196197
"kabwe","beta29",8.2085921689085e-06,-9.8491586557914e-06,-1.48407597444214e-06,5.74524055195612e-07,7.85499079532365e-07,2.19970328050267e-06,-1.82992152075448e-06,-2.63768683088572e-06,2.00743117491471e-06,-3.67777308327714e-06,-3.08925919513079e-06,8.29828186290367e-06,-9.46490441553484e-07,4.41474017238777e-06,-3.50738504704028e-06,-4.04381681314121e-06,4.56770571456153e-06,7.73587927180519e-06,1.06523337390926e-07,-1.42200528811685e-06,-1.75266230653651e-05,-3.40749044441288e-05,0.000128991234337905,-1.97012993228849e-06,-4.20065204689288e-05,-1.61596968705195e-05,-5.03860090244771e-06,3.83658049504555e-06,5.10805220662431e-06,1.93091321190729e-06,8.79698710852062e-06,-1.72467402986261e-06,1.6629836220065e-06,6.50756882996979e-06,2.34717072891624e-06,-5.06345770920306e-06,4.67757792126193e-06,-1.78599757010571e-06,9.23693492051051e-06,6.92024313407598e-07,-5.65999218057226e-06,-1.43103808886407e-08,-2.86303639223911e-06,-0.000221382629147466,-9.33709750322637e-05,8.46952865085085e-06,-0.000775316917914075
"kabwe","beta3",-3.01889172266064e-06,6.81199925074613e-06,2.54734888904234e-06,-9.47284258545818e-08,-5.71053393885774e-07,-7.06697685322901e-07,3.50131909617444e-06,1.91200649281116e-06,1.54255631879006e-06,3.10111821036924e-06,-5.47109330712211e-06,-2.68369712517309e-07,7.71655038077458e-07,-4.77827417035694e-09,5.79656344018084e-07,-1.29624876789332e-06,3.07393595778003e-06,-1.83171707097891e-06,4.48783725465939e-06,-2.89490493197942e-06,1.30339859123655e-06,3.99386698909834e-06,-1.97012993228849e-06,5.28044244367076e-05,1.43371150522543e-06,1.16516579655421e-06,5.20050124835051e-07,-4.50706508086046e-07,-3.72042377835064e-06,2.68733278708032e-06,1.71279965508416e-06,-3.69704001991567e-06,-5.27912243132193e-06,8.0457334269214e-06,-4.11840903805003e-06,1.20668248904075e-06,7.35464012890434e-07,1.05002513251291e-06,-1.38544733844695e-05,-1.48297891378472e-05,-1.08279025787523e-05,-5.68820489688544e-06,-9.9937008496429e-07,-0.000106988285937713,-7.06220742316507e-05,2.07885970513971e-05,0.000453703857814846
"kabwe","beta30",3.56579506997059e-06,-7.62640267919682e-06,4.53844984312418e-07,1.20412138075959e-06,6.45057181483278e-07,-2.26968601323929e-06,-7.34368003973971e-06,9.25101226871361e-07,5.21432847531333e-06,-4.18572299232567e-06,2.10089481237554e-06,3.04166264135605e-06,-1.93992407451203e-06,-4.98510460643099e-06,5.11185183281386e-06,4.16212045611587e-06,1.74479298342728e-06,2.6049221254748e-06,1.64452123014086e-06,3.61177483280834e-06,-8.26088068386965e-06,-2.00279158853605e-05,-4.20065204689288e-05,1.43371150522543e-06,0.000145931873460775,-4.78795453228503e-05,-1.80456168323047e-05,-9.10322399161132e-07,9.37504346333425e-06,1.6322146796103e-06,9.37968929225798e-07,7.87154675697973e-06,1.25654525787569e-06,-6.39487791452765e-06,1.54118748481337e-06,-1.771001766521e-05,1.24268048891985e-05,-6.22472354901779e-06,-2.02142911869325e-06,7.54032779350082e-07,1.24065242838357e-06,-3.48729583651742e-06,7.68649935683144e-06,6.55205534319802e-05,7.49925062877471e-05,-1.48546454270157e-05,-0.000182793346976281
"kabwe","beta31",-2.2697782260005e-06,9.8501946409584e-06,2.31863313467541e-06,-1.30917843500412e-06,4.71417669460386e-06,-2.55843380915791e-06,-1.25301860940947e-06,3.74411877023437e-06,-5.85789359417027e-06,-9.31988420220044e-07,3.7775030445075e-06,4.97866232266127e-06,7.70168707542719e-06,-6.19890092399783e-06,2.71753600362808e-07,2.32115495421212e-06,-5.12338167641816e-07,2.47240902176544e-06,5.49261109349196e-06,8.56779886260293e-07,3.55799932314148e-06,-3.79400350796493e-06,-1.61596968705195e-05,1.16516579655421e-06,-4.78795453228503e-05,0.000132337075459548,-4.52623152706614e-05,-5.52816904020763e-06,5.41397076999236e-06,-3.50557964394964e-06,-1.34998571202761e-06,1.60175066826818e-06,4.55008596986432e-06,2.17632367722576e-06,-4.62198574190526e-07,9.29625902193814e-06,1.719194529939e-07,4.24224534928316e-06,-2.84971712494853e-06,-9.42226887370633e-06,1.10937711960688e-06,3.86274680122042e-06,-6.83137532508626e-06,-0.000467762476534735,-0.000222435924307954,4.45343045321328e-05,-0.000539858445125751
"kabwe","beta32",-4.69253108644936e-07,5.35007949559414e-06,-3.75238175210538e-06,2.94882570485869e-06,-1.88382176452695e-06,-5.40253167751556e-06,3.07150033155309e-06,-6.36823307886381e-07,2.67541611629418e-06,-2.96432227433365e-06,-2.53748609346379e-06,-3.79241846228497e-06,-9.24896744327348e-06,6.53428219474553e-06,9.99652836482141e-06,-1.11188927556755e-06,1.68544880117608e-06,5.08090138730306e-06,6.22033020381856e-06,3.50414527523431e-06,1.8918975769476e-06,1.83127223098257e-06,-5.03860090244771e-06,5.20050124835051e-07,-1.80456168323047e-05,-4.52623152706614e-05,0.000153027805648681,-6.52063310850398e-05,-1.82597663233428e-06,1.96541224210383e-05,-1.20736954766935e-05,9.96682947411202e-06,-1.3856103471225e-06,1.16151927250407e-05,5.38701335032145e-06,-3.76293762330711e-06,-8.42036523603318e-06,-5.10177381650614e-06,3.01527095839571e-06,-1.23073503815966e-06,1.49279762928549e-06,9.21995336226367e-07,2.06471405927961e-06,-0.000273934224796641,0.00060147889556581,-2.70606187066899e-05,0.000257305009324601
"kabwe","beta33",1.97889136026676e-05,1.21216429781342e-06,-3.55181698144456e-07,-4.37087419304848e-07,-2.84818158897111e-06,-1.02850825611386e-07,-2.28422675438018e-06,1.47720579564274e-06,8.39665369309953e-06,-5.96901964002534e-06,1.50834163984183e-06,-6.86559324694606e-06,-6.50380926512868e-07,-1.27497858049884e-06,-5.60641634472854e-06,8.6949777082045e-06,2.0613352047564e-06,4.76771620712845e-06,1.94576265969001e-06,4.90284883676489e-06,1.15147135966656e-05,3.08591475852711e-06,3.83658049504555e-06,-4.50706508086046e-07,-9.10322399161132e-07,-5.52816904020763e-06,-6.52063310850398e-05,0.000145854638711911,-6.37891655859781e-05,1.36612692969486e-05,6.36683493457835e-06,-4.63272141257843e-06,2.39364600270781e-06,-2.90595209931837e-06,-6.36987233466988e-06,-4.44230983525497e-06,4.0250889287622e-06,8.92266807692447e-06,-6.22336112765533e-06,5.0979451030805e-06,6.64539536923946e-06,-4.18263334974818e-06,3.18119596664189e-06,-0.000377026796933232,0.000436688456207022,-1.32852600659664e-05,0.000302313118777203
"kabwe","beta34",-2.05858569356223e-06,2.42165283947483e-06,4.15597436745761e-07,7.70204026529637e-07,2.1621990644295e-06,-7.26756459357937e-07,-3.12807497217712e-06,7.23190049835677e-06,-7.28191442845714e-06,-4.65961134437949e-06,1.62528491645198e-06,2.0282705023511e-06,3.84781148206218e-06,6.86607819053615e-06,-1.54259716344235e-06,7.3901538876407e-06,3.47333061897799e-06,3.65594387287153e-07,9.53706964265454e-07,1.55292308991208e-05,-5.5717166805944e-06,-2.05250388382967e-06,5.10805220662431e-06,-3.72042377835064e-06,9.37504346333425e-06,5.41397076999236e-06,-1.82597663233428e-06,-6.37891655859781e-05,0.000137943096027707,-6.66700075830311e-05,2.33859872116561e-05,7.08661407270398e-07,6.64188381262765e-06,-5.62999476617779e-06,7.58055617307902e-06,-7.41743397144224e-07,-2.41664573245687e-06,-3.26171841621894e-06,4.35564440317225e-06,1.02563232097792e-08,-5.45028668264972e-06,-4.14327887691038e-07,-2.1712535429109e-06,-0.000359969633050134,-7.48067823858969e-05,1.49230799394758e-05,0.000375732633799361
"kabwe","beta35",8.28117044208331e-06,3.18193458547892e-06,-1.22951146916793e-06,-8.99934630898494e-07,-1.94239149290107e-06,3.16973414927858e-07,-3.01162433312392e-06,-2.77034986235873e-06,5.85584394875057e-06,4.51322801423407e-06,-3.428618150649e-07,-1.28164040233529e-06,-5.31161260815057e-07,-5.16601172460963e-06,9.23878335201689e-06,-2.12509298565223e-06,2.5682719616498e-06,-2.24223693121123e-06,1.14230928763321e-05,-5.67430123858475e-06,9.2811649753398e-06,4.57423826598683e-06,1.93091321190729e-06,2.68733278708032e-06,1.6322146796103e-06,-3.50557964394964e-06,1.96541224210383e-05,1.36612692969486e-05,-6.66700075830311e-05,9.89739906416386e-05,-4.85157063086734e-05,1.47056696168037e-05,-8.08569205513871e-09,6.68794212380124e-06,-4.46047764049453e-06,-2.94354506366007e-06,1.43216838661683e-05,5.71965247079778e-06,-3.55626748022531e-07,5.86474750299571e-07,1.7956919143888e-06,-1.86417144951212e-06,2.14158530673259e-06,-0.00013437599040043,0.000119087269905284,-1.5449921651582e-05,-0.000318849494756122
"kabwe","beta36",8.12609576513679e-06,-2.43205275324086e-06,1.25140683700087e-06,-5.59799657497278e-08,-1.45110292764577e-07,-3.45105574223284e-06,4.22676678272912e-06,4.42441315896071e-06,-1.34812185124621e-06,9.73086041572117e-07,-2.41972111726126e-06,-4.39376489938749e-06,5.25811773364006e-07,5.79674465657264e-06,-6.01114500255317e-06,2.32730697352744e-06,1.36902580923443e-06,8.02266372988895e-07,-4.3496936816128e-06,5.93114451896946e-06,1.98837623868124e-06,7.44949213532656e-07,8.79698710852062e-06,1.71279965508416e-06,9.37968929225798e-07,-1.34998571202761e-06,-1.20736954766935e-05,6.36683493457835e-06,2.33859872116561e-05,-4.85157063086734e-05,9.00017589273512e-05,-4.10695147854427e-05,7.64843185822998e-06,-9.92038732029409e-06,-2.36595267336538e-08,-1.49176321598968e-05,-1.26992125634036e-05,-6.8014093148461e-06,2.64103581098904e-06,-2.15679492749812e-07,-7.16701943830199e-07,2.72002082331442e-07,-3.6483907907932e-06,7.76862686304749e-05,-0.000252364833976896,-9.17735076284469e-06,0.000241302171087531
"kabwe","beta37",-3.96765380107207e-06,5.56403668985251e-06,1.32043688036028e-06,-1.46770697902854e-06,-1.21895900245526e-06,9.48523725495363e-07,3.50269221859123e-06,-7.34614670845069e-06,5.7370064206018e-07,3.72324730130361e-06,7.04543509362408e-06,4.46069012731179e-07,4.56993712044195e-06,-1.91344250974841e-06,2.634006318241e-06,-3.56981911745027e-06,2.19903528645007e-06,3.75189432652202e-07,2.95394187202963e-06,-1.23023443214079e-06,-4.64914802573858e-06,4.96157744650945e-06,-1.72467402986261e-06,-3.69704001991567e-06,7.87154675697973e-06,1.60175066826818e-06,9.96682947411202e-06,-4.63272141257843e-06,7.08661407270398e-07,1.47056696168037e-05,-4.10695147854427e-05,0.000116968552770597,-5.86636615912849e-05,-1.20091338837497e-05,4.73359261041815e-06,-4.24082589908474e-06,3.38911365493112e-06,-1.26194161646879e-06,-2.8110398346456e-06,1.42924961858729e-06,-1.99064681628038e-06,-1.12437387936889e-06,1.2992962702251e-07,0.000127005306756925,-0.0001319671106246,-3.09360906579798e-05,-0.000620754685316243
"kabwe","beta38",4.47106274486416e-06,1.05526501773574e-05,-1.89449742584049e-06,-1.05498269380613e-06,1.90929673412334e-07,1.50638104571646e-06,-5.50942551148057e-06,4.92882749426617e-06,9.55893327090447e-07,-4.66266338065127e-06,-3.47925627502897e-06,-3.43515528231227e-06,-1.12307610338395e-05,3.14549089631621e-07,5.60186095861945e-06,1.24091558191155e-06,-2.40935109476845e-07,-3.21910224652572e-06,-4.60231819851611e-06,7.15434568246359e-06,-4.19222575512753e-07,-1.29502930621287e-05,1.6629836220065e-06,-5.27912243132193e-06,1.25654525787569e-06,4.55008596986432e-06,-1.3856103471225e-06,2.39364600270781e-06,6.64188381262765e-06,-8.08569205513871e-09,7.64843185822998e-06,-5.86636615912849e-05,0.000167472672773837,-2.66189694434171e-05,-9.17840493794778e-06,1.43085048548782e-05,6.61057887127276e-06,1.02202075383243e-05,9.35676973855273e-06,4.60359212182332e-06,3.83393512156326e-06,3.74760645061537e-06,1.17232839881709e-06,0.000136394390089691,-6.18871174908464e-05,-3.78746782321022e-05,0.000845078811985952
"kabwe","beta39",-3.71873683193962e-05,-1.23225804355976e-06,-1.11615209288091e-06,-1.98515892823715e-06,4.53050640640033e-06,-2.8033025183676e-06,-9.19003974209415e-06,4.35418761751397e-06,-4.26374907254663e-08,2.39321619393873e-06,2.59498839550654e-06,4.68454524232017e-06,2.94145129855052e-07,-7.79680342844796e-07,4.24379859316097e-06,2.67529920373742e-07,-6.31595970786074e-06,9.75106179006365e-06,-6.86813173553086e-06,4.64916961060616e-06,7.0358152910488e-06,-1.28767774293354e-05,6.50756882996979e-06,8.0457334269214e-06,-6.39487791452765e-06,2.17632367722576e-06,1.16151927250407e-05,-2.90595209931837e-06,-5.62999476617779e-06,6.68794212380124e-06,-9.92038732029409e-06,-1.20091338837497e-05,-2.66189694434171e-05,0.000277324365145721,-4.714993033501e-06,2.4429087414455e-05,1.28760639626092e-05,-3.02539095709945e-07,-1.92736252647149e-06,-6.20851247980104e-06,4.55015114634895e-06,4.4559824951567e-06,-1.40544988189986e-06,4.35943534708758e-06,0.000195020786628201,3.01457516605458e-06,-1.57940474148618e-05
"kabwe","beta4",-3.54031164050787e-06,-3.14384268086473e-06,-1.17798737278967e-06,4.95883335217064e-07,6.5502473070512e-06,-1.53105203019201e-06,-1.0673057145203e-06,-1.1592316895866e-06,2.59045900712933e-06,9.63746240472917e-08,1.72890716588583e-06,-2.24902859359475e-06,-7.01321389516867e-06,-3.81803519574742e-06,3.21304179627821e-06,6.33763961926556e-06,-4.25584569626425e-06,1.4957954201338e-06,1.05449707298247e-06,1.00105543476264e-06,1.54495427993678e-06,-3.18112439473271e-06,2.34717072891624e-06,-4.11840903805003e-06,1.54118748481337e-06,-4.62198574190526e-07,5.38701335032145e-06,-6.36987233466988e-06,7.58055617307902e-06,-4.46047764049453e-06,-2.36595267336538e-08,4.73359261041815e-06,-9.17840493794778e-06,-4.714993033501e-06,5.59556498859918e-05,2.36747549945011e-06,-1.06639272898624e-05,-4.27370895226664e-06,-3.8610955308666e-06,-1.60489955142994e-05,-1.1286522948662e-05,-8.92690925423452e-06,-1.9940905401563e-06,-0.000107889662060345,-0.000227673953560461,2.60119666650953e-05,0.00014030890739503
"kabwe","beta40",-1.06986706277243e-05,-7.35319903675833e-06,-1.64855714703943e-06,4.90502427720578e-07,3.1405969245317e-06,6.46243241107825e-06,-8.66039368594963e-06,-8.69170168424107e-07,9.51392626656475e-07,-8.99284056121598e-07,2.42504280520028e-06,2.54018362103231e-06,-8.9726697258325e-07,-1.26821136095285e-06,3.96330344193294e-06,-1.46464741257037e-06,-2.19350444466671e-06,-8.05050447196276e-06,7.99801326076314e-06,-2.78474480893842e-06,5.91955940939215e-06,4.47588389268558e-06,-5.06345770920306e-06,1.20668248904075e-06,-1.771001766521e-05,9.29625902193814e-06,-3.76293762330711e-06,-4.44230983525497e-06,-7.41743397144224e-07,-2.94354506366007e-06,-1.49176321598968e-05,-4.24082589908474e-06,1.43085048548782e-05,2.4429087414455e-05,2.36747549945011e-06,0.000272644705446939,3.5662307362548e-05,1.03412447839011e-05,2.69238407199875e-07,-2.68306227990064e-06,2.11809651085659e-07,4.05453259336223e-06,-4.08733026446347e-06,0.000144780857414524,0.000648415355760644,-2.89983926537798e-05,0.000171971351232539
"kabwe","beta41",-7.82566318585342e-06,-7.00000929453821e-06,-3.45953650091115e-06,2.86362197767623e-06,-4.02027208988584e-06,1.2450988469787e-06,1.59145954824355e-06,4.48378751151142e-06,-5.88629498473857e-06,2.38850298919217e-06,4.6318996506408e-06,-1.70625046539841e-06,-1.36199735991535e-06,-5.14040377225935e-06,2.3422618681762e-06,-7.78305646786668e-06,1.51592670236865e-05,-9.07924809257773e-06,4.71595548684328e-06,-2.40862156790576e-06,3.74490696237703e-06,-2.69362865191107e-06,4.67757792126193e-06,7.35464012890434e-07,1.24268048891985e-05,1.719194529939e-07,-8.42036523603318e-06,4.0250889287622e-06,-2.41664573245687e-06,1.43216838661683e-05,-1.26992125634036e-05,3.38911365493112e-06,6.61057887127276e-06,1.28760639626092e-05,-1.06639272898624e-05,3.5662307362548e-05,0.000230593501123661,5.92061200638614e-06,1.14810190024885e-07,4.19525452739958e-08,9.63577063423691e-06,-2.33726478466181e-07,3.67751956427232e-06,-3.25741155173747e-05,0.000348309111844489,-1.83545874910909e-05,-0.000342855192743535
"kabwe","beta42",-9.84222182002869e-06,9.27282805108588e-07,5.41392500361124e-07,7.49405027184892e-07,5.46192354569376e-06,2.3302844286108e-06,-1.69627682744308e-06,-4.74788698923502e-06,-2.74294319457022e-06,-2.19817091796353e-06,2.51164287960879e-06,1.10326097979594e-06,5.66257609867161e-06,1.58779372225958e-06,-1.0817453867228e-06,-1.57425223202207e-06,-1.23176477928791e-06,6.23652515069688e-06,-8.99925993139837e-06,6.36453022554543e-06,1.69784570829679e-06,-4.5921164316907e-06,-1.78599757010571e-06,1.05002513251291e-06,-6.22472354901779e-06,4.24224534928316e-06,-5.10177381650614e-06,8.92266807692447e-06,-3.26171841621894e-06,5.71965247079778e-06,-6.8014093148461e-06,-1.26194161646879e-06,1.02202075383243e-05,-3.02539095709945e-07,-4.27370895226664e-06,1.03412447839011e-05,5.92061200638614e-06,0.000192217788874474,2.50867182030174e-06,6.39236986530336e-06,5.17120618771971e-07,-1.12295744376666e-05,-9.86250487332461e-07,0.000139079855403262,0.000277093280013828,-2.67342408825155e-05,0.0005768626064372
