"region","name","alpha_D","beta1","beta10","beta11","beta12","beta13","beta14","beta15","beta16","beta17","beta18","beta19","beta2","beta20","beta21","beta22","beta23","beta24","beta25","beta26","beta27","beta28","beta29","beta3","beta30","beta31","beta32","beta33","beta34","beta35","beta36","beta37","beta38","beta39","beta4","beta40","beta41","beta42","beta5","beta6","beta7","beta8","beta9","mu_D_1","mu_D_2","p_G_D","start_date"
"kabwe","alpha_D",0.000178582741589375,-1.18329176462076e-05,7.80600859648409e-07,-7.37711212526253e-06,3.46671148848065e-06,-6.82956586598679e-06,4.64380530790478e-06,-9.35519124119387e-08,-4.35837747708976e-07,-1.14212936020143e-05,2.87967561373359e-06,-6.6814711788121e-06,-4.23893930896224e-06,2.7619903285401e-06,6.63731592282756e-06,8.53703935057513e-06,1.47376358004191e-06,-2.87475965634909e-06,-5.02638420513649e-06,5.16310993297374e-06,1.17538773480779e-05,-3.01245675426099e-06,-6.77459974108018e-06,-7.36153902136147e-06,-8.24233954645593e-07,6.39823199490943e-06,4.50025500920804e-06,9.15295035451141e-06,1.09597224212812e-05,-2.66439594007833e-06,1.02799603067892e-05,-1.72342906226714e-05,-3.24144750000268e-06,-3.0625244114069e-06,-1.88121206043048e-06,-9.48134225016965e-06,3.34698981987977e-06,3.30429258460036e-06,4.49528766970852e-07,6.70961840207805e-06,2.43438244833496e-06,1.5331870403756e-06,3.51780333373134e-06,0.000132771621075862,0.000514374342050097,-5.26450445675812e-05,0.000223983307126951
"kabwe","beta1",-1.18329176462076e-05,0.000112276056477204,-4.03976119177788e-06,3.6972603372693e-06,2.72062617461828e-07,-5.51614479082462e-06,5.70421150811773e-06,-3.16927901415856e-06,6.13612312507522e-06,6.44766461783026e-07,-1.45798542351972e-06,-5.18777202489593e-06,8.95752921956047e-06,3.77435874700365e-06,-1.26812518066522e-06,-1.75823278960993e-06,4.23240812866112e-07,1.6418112143872e-06,4.55303921337324e-06,-2.41151484411433e-06,-3.33721189854682e-06,3.41273172846181e-06,-2.29362345057457e-07,8.54873501468091e-07,-2.69586026570788e-06,1.69903071483232e-06,4.98696506193105e-06,-6.05885852954919e-06,3.48247832063672e-06,-5.90959215132708e-06,-6.48823025588879e-06,4.03120126198287e-07,-2.81560846330733e-06,6.58985123576939e-06,-2.41835794362013e-06,-3.46430554914468e-06,9.75788152970085e-06,4.30539897799097e-06,-9.5720862261513e-06,-2.53615312723773e-06,-1.24876086885563e-06,-3.37772227391667e-06,2.02331485021274e-06,-0.000248022144347808,-0.000128953740352261,2.97484633437373e-05,0.00228454593934622
"kabwe","beta10",7.80600859648409e-07,-4.03976119177788e-06,3.22931072491583e-05,-9.11776598213705e-06,-3.38940468650951e-06,-4.79508722569674e-07,1.76737642954116e-06,-1.20748007287682e-06,3.75936075056057e-07,1.17722474793307e-06,-8.65858342865336e-07,-6.36045918420252e-07,3.07128563630132e-06,3.04924295798286e-06,1.8483879878014e-06,1.95009013401838e-06,-1.2029645221915e-06,6.54445847727137e-07,2.66332515115122e-06,-1.25361179522973e-06,4.2301376575632e-06,-4.31022508142248e-06,3.71706937204823e-06,2.48337236011097e-06,-2.86064836611562e-06,1.62916820979761e-06,3.17634607005973e-06,-5.17727224792658e-07,6.21991728284261e-07,8.96510017339179e-07,-9.07978190165277e-07,-1.19978521336711e-06,1.0989187154642e-06,-4.11422006799318e-06,1.0939562171972e-06,-1.706639408262e-06,1.33119325814824e-06,-3.9459659025101e-06,4.66287840216719e-06,-1.89855265706138e-06,-5.93783542738462e-06,-6.49069399890694e-06,-9.48839699373992e-06,2.03270587388629e-05,8.09066727821526e-05,-8.14462501294817e-06,-0.000121426845275606
"kabwe","beta11",-7.37711212526253e-06,3.6972603372693e-06,-9.11776598213705e-06,2.72962371502545e-05,-1.01370054275653e-05,-5.6717278593786e-06,-2.07171450609635e-06,-2.02054678694198e-06,1.71775029302437e-06,2.76647324106241e-06,3.05562467414722e-07,1.27229946816437e-07,2.51232930574204e-06,1.98189966943948e-06,-1.39977359501543e-06,2.43864653977513e-06,2.06712134904049e-06,1.86849233365648e-07,-1.36397080020892e-06,1.27554115180831e-06,-2.67582261577222e-06,2.9430253012557e-06,3.23981233755729e-06,-8.87142293277872e-07,-2.54815563433053e-06,-4.81337455045755e-07,-3.98235691613243e-06,-2.96597107997282e-07,2.88517724860021e-06,-2.04632243442598e-06,2.43046225433665e-06,-9.17904938101329e-07,8.35505920579108e-07,1.75074051107274e-06,-7.06423748888428e-08,3.29928496799139e-06,-8.63941530806481e-07,-3.80628851457427e-06,-6.49833195808179e-07,2.19138218764628e-06,2.57971599558844e-06,-1.37673198457987e-06,-2.77024823718421e-06,-7.13282194147866e-05,-0.000199308507592385,1.54612473258317e-05,0.00064474785342778
"kabwe","beta12",3.46671148848065e-06,2.72062617461828e-07,-3.38940468650951e-06,-1.01370054275653e-05,3.45077404773885e-05,-8.11950866674521e-06,-8.77231613596642e-06,-5.81385389561077e-06,-3.02799635976737e-06,-3.45165326908834e-07,-1.41217085978341e-07,3.12742368154737e-06,4.2968892870692e-06,-3.32549493822645e-06,-2.0921952499586e-06,1.59563556566865e-06,7.12373488017431e-07,9.29459767806562e-07,-3.79260823442045e-08,-2.45713487829325e-07,-2.73741138260805e-06,1.74909119454533e-06,-2.42242345582045e-06,2.16233702337617e-06,1.4253306675263e-06,4.18480167745619e-06,1.71494680496082e-06,2.63483747324877e-07,7.5543795663359e-07,-4.59212844644935e-06,3.63748214858954e-06,3.12864977823896e-06,-3.97053585371047e-06,-6.24358937080928e-07,2.47001415742786e-06,-3.03325319461429e-06,1.53341607184813e-06,4.61179798087767e-06,2.45999628825038e-06,-4.30236622820993e-06,-2.98816377984527e-06,-4.1576378025795e-06,1.24155668480362e-06,-0.000114618357563017,-9.94901454743506e-05,1.30302879402407e-05,-0.000222562311382539
"kabwe","beta13",-6.82956586598679e-06,-5.51614479082462e-06,-4.79508722569674e-07,-5.6717278593786e-06,-8.11950866674521e-06,4.5832610433726e-05,-1.24901438245741e-05,-4.52934136010068e-06,-5.62183271220778e-06,-6.89910306903149e-06,-2.54145095592401e-06,-2.88347046407438e-06,-2.81537679750234e-06,-1.09002542750449e-06,2.66155159429584e-06,-1.00273591791417e-06,-1.67494538222338e-06,-2.51304672664945e-07,7.99652608190818e-07,-1.49950281147269e-06,2.40454303595072e-06,5.14407091705636e-06,-8.91449704712544e-06,1.15492844504016e-06,3.25284438862745e-06,-5.19542207052901e-06,3.9459660691255e-06,-2.43764347651103e-06,-1.61075273126971e-06,2.13738381165916e-06,-7.89456180731826e-07,6.16589784229862e-06,2.72810001757935e-06,-3.11569164792972e-06,-1.19895407584215e-06,-5.34767675860049e-06,-1.92885690827008e-06,3.90023622563248e-06,1.79248416857876e-06,1.40013872724533e-06,1.01528104327157e-06,3.9032589289187e-07,-2.67065105853011e-06,2.99398660698419e-05,-8.56686279860287e-05,8.80877103964416e-06,-0.000211611222280808
"kabwe","beta14",4.64380530790478e-06,5.70421150811773e-06,1.76737642954116e-06,-2.07171450609635e-06,-8.77231613596642e-06,-1.24901438245741e-05,5.49845324860754e-05,-1.20453846384144e-05,-9.80108260689077e-06,-7.2616183501598e-06,-2.79060052239892e-06,-4.11924380541061e-06,1.21822881394987e-06,3.07255952224193e-06,1.06292041899594e-06,-1.00871823784294e-06,-4.54248669052818e-07,3.12626693506375e-06,-6.60757250386889e-06,-2.27808909026954e-06,-3.26392476741846e-06,-1.81733876174926e-06,3.41555870500744e-06,1.20572661748234e-06,2.12007270478894e-06,-2.22944162659766e-06,-9.2041708699766e-06,-3.74509731362799e-06,2.82350072419554e-06,-2.43510054995572e-06,2.50139034447002e-06,2.6592144356822e-06,1.87443563013534e-06,4.13881248820412e-06,-1.20240226050126e-06,1.11854187016505e-06,5.03147247205424e-06,-8.77830885914384e-06,-1.71914432428351e-06,-2.57612601617148e-06,1.00067897549365e-06,1.85490352905837e-06,1.77522526420399e-06,0.000108405010671692,-0.000164862157871542,-1.72376606351184e-06,0.000226378960038734
"kabwe","beta15",-9.35519124119387e-08,-3.16927901415856e-06,-1.20748007287682e-06,-2.02054678694198e-06,-5.81385389561077e-06,-4.52934136010068e-06,-1.20453846384144e-05,5.99169593335538e-05,-1.06161604913146e-05,-1.23505910408306e-05,-1.04305202869456e-05,-1.70241788558092e-06,-1.70992494361828e-06,-2.18999638879836e-06,-1.52504401391822e-06,3.45194221123177e-06,-2.45959894234485e-06,-6.66311842319852e-07,1.54001244858047e-06,2.6924688913391e-06,2.9502013064545e-06,-9.81210901104044e-06,4.67826475835429e-06,-7.69017745343297e-07,-1.48724584808636e-06,4.7656940003361e-06,-3.54737691889745e-06,9.11807720809952e-06,-1.05724018679544e-05,3.51159369718604e-06,-4.38979229772442e-06,-7.56836469836355e-06,-2.60885311473883e-06,-1.80306122809298e-06,1.07378678417998e-06,5.24559515262905e-06,-1.54997800499415e-06,2.76528727550385e-06,2.96076977944195e-06,1.38479988816615e-06,-3.03367904233814e-06,3.11140529022627e-07,2.06403480974513e-07,0.000135472993718441,0.00018936591211068,-5.71871880684646e-06,-0.000293110370314143
"kabwe","beta16",-4.35837747708976e-07,6.13612312507522e-06,3.75936075056057e-07,1.71775029302437e-06,-3.02799635976737e-06,-5.62183271220778e-06,-9.80108260689077e-06,-1.06161604913146e-05,6.53922131983599e-05,-1.76168282582322e-05,-7.74404316732912e-06,-4.7446823702378e-06,3.00720816833193e-06,-4.00183106789486e-06,-2.3041560596893e-06,1.39761313501262e-06,3.77037243606897e-06,-1.87657797851788e-06,1.93041925546872e-06,3.58818877508352e-06,-4.91576763889952e-07,-7.49298095316223e-07,7.53833541597392e-07,3.98820714845377e-06,-1.86724771627558e-06,2.65055870584164e-06,-1.41109367585321e-06,2.3628666215743e-06,-1.39019192079242e-06,2.16410394307801e-06,-2.31950808239808e-06,-2.70435825213889e-06,8.03134131847984e-06,8.01561561374897e-06,9.75659822436224e-07,5.04180259516688e-06,7.56576850730329e-07,2.26689722483616e-06,8.75670476509775e-09,-1.2768297631352e-06,-8.77143100488724e-07,-2.53367648425069e-06,1.02499484688455e-06,9.33553811872756e-05,8.27092246043287e-05,-7.05780709605043e-06,0.000372211990504269
"kabwe","beta17",-1.14212936020143e-05,6.44766461783026e-07,1.17722474793307e-06,2.76647324106241e-06,-3.45165326908834e-07,-6.89910306903149e-06,-7.2616183501598e-06,-1.23505910408306e-05,-1.76168282582322e-05,8.77984693265175e-05,-1.48810666474015e-05,-1.32916795231735e-05,1.15795118518047e-06,-4.09412434713958e-06,-2.73707604947163e-06,-6.04313988587594e-06,2.42285496476816e-06,-8.84665456066111e-07,9.18888159950325e-07,-2.240519519695e-06,2.06626234970157e-06,-5.86282685152375e-06,4.6069419813423e-06,2.03599472184997e-06,-4.76346908767752e-07,-1.74265811895074e-06,-4.15575786917781e-06,1.21505562357468e-06,-3.92294016463186e-06,8.75874866797161e-07,-4.47420977503952e-06,5.25261595621088e-06,6.73788240128548e-06,-3.983776702749e-06,8.20925227177923e-07,-4.59262828315108e-06,-4.42160977619105e-07,-6.05194720571087e-06,-3.61777637053195e-06,4.45610874186486e-06,-2.74059488838636e-07,-1.81615617379528e-06,-3.56723249367077e-06,0.000292045458307794,0.000153660108575603,-1.35468841206927e-05,-0.000331524397174459
"kabwe","beta18",2.87967561373359e-06,-1.45798542351972e-06,-8.65858342865336e-07,3.05562467414722e-07,-1.41217085978341e-07,-2.54145095592401e-06,-2.79060052239892e-06,-1.04305202869456e-05,-7.74404316732912e-06,-1.48810666474015e-05,8.44142586123667e-05,-2.4136891100191e-05,3.96643650888699e-06,-7.9829074659151e-06,-1.1730513666929e-05,-1.19005817079807e-06,-2.70400669709698e-06,4.82710506406677e-06,-8.97800398875401e-07,-4.20065131745985e-06,-4.87025720040584e-06,7.29513784107615e-06,-4.67360509829646e-06,1.10619836180447e-06,3.02337471411639e-07,-1.68455847635143e-06,-3.37364002144615e-07,-3.11997735607549e-06,-2.99333349198666e-06,-2.55856157603779e-06,-2.77591527046412e-06,8.49676222479721e-06,-5.07373044573331e-06,3.21471518343921e-06,1.62345773336895e-06,3.08683963556704e-06,5.83304398335559e-07,-8.3558605262769e-07,-2.43893057690438e-06,-2.73930750258596e-07,1.70145579522728e-07,-9.08917863049562e-07,-1.38329128148894e-07,8.23402055420129e-05,-3.45846248387467e-05,1.17928587727826e-05,0.000175206965612166
"kabwe","beta19",-6.6814711788121e-06,-5.18777202489593e-06,-6.36045918420252e-07,1.27229946816437e-07,3.12742368154737e-06,-2.88347046407438e-06,-4.11924380541061e-06,-1.70241788558092e-06,-4.7446823702378e-06,-1.32916795231735e-05,-2.4136891100191e-05,9.29565721123184e-05,-7.09214956109821e-06,-2.71350426762831e-05,-9.42595359217622e-06,7.62516525561264e-09,4.50632800248013e-08,-4.59162796336091e-07,-1.99089578753484e-07,1.46286857857752e-06,3.50013835679492e-06,-1.01505067176414e-06,-7.16688271825629e-06,1.06001425621928e-06,3.41466518175452e-06,-5.54322385987705e-07,2.05330067555244e-06,-3.1271863738023e-06,-2.37014720420739e-08,5.28126393440932e-06,6.316125085349e-06,-3.64878751041046e-06,-3.36732068535346e-06,-7.99712103089645e-06,7.50562799982324e-07,-3.47471470209589e-06,-9.13840521049269e-07,6.05602423940045e-06,6.4385286970183e-07,1.82545847052063e-06,1.38880520922536e-07,4.17889900855551e-06,-2.55273364390294e-09,0.000141326541898182,-0.000127701994370677,-1.34125334100513e-05,-0.000871589566277073
"kabwe","beta2",-4.23893930896224e-06,8.95752921956047e-06,3.07128563630132e-06,2.51232930574204e-06,4.2968892870692e-06,-2.81537679750234e-06,1.21822881394987e-06,-1.70992494361828e-06,3.00720816833193e-06,1.15795118518047e-06,3.96643650888699e-06,-7.09214956109821e-06,8.93283197511337e-05,-3.00523861752639e-07,2.13170214716199e-06,4.00649060405881e-06,1.34029928655067e-06,-2.88364255205099e-06,4.49827202270347e-06,-7.66785826124516e-06,3.80266791253076e-06,6.21923322291618e-06,6.02524462160828e-06,2.29888575810231e-06,-6.23390018818414e-06,-6.79600987655725e-06,4.32322238564028e-06,1.49905728549017e-06,-9.95173741572903e-07,9.46284696460148e-07,5.95529838743498e-06,4.95853566061357e-07,1.38144789801482e-06,1.97376326875064e-06,-1.12279839636076e-05,-6.0076256750368e-06,-9.8275404315549e-07,-4.00217852768863e-06,-1.85118713253077e-05,-1.32304477587752e-05,-1.63062452749378e-05,-1.06827631796397e-05,1.10983663671134e-08,-0.000252572521949676,-0.000268096370579506,2.78664217546597e-05,0.00138366749166806
"kabwe","beta20",2.7619903285401e-06,3.77435874700365e-06,3.04924295798286e-06,1.98189966943948e-06,-3.32549493822645e-06,-1.09002542750449e-06,3.07255952224193e-06,-2.18999638879836e-06,-4.00183106789486e-06,-4.09412434713958e-06,-7.9829074659151e-06,-2.71350426762831e-05,-3.00523861752639e-07,8.60130339912665e-05,-2.8283073902795e-05,-4.36584008773715e-06,3.49116765872393e-06,2.0682080517606e-06,2.5925822408439e-07,1.19045249203313e-06,2.77380437957916e-06,8.48870620260093e-07,2.91560584554867e-06,-1.4586377139636e-06,3.7072336365329e-06,9.15403163955609e-07,-1.61275786580833e-06,1.23214235489441e-06,5.21326211144656e-06,-4.01233642526872e-06,2.47789246842716e-06,-1.00513954802107e-05,-1.98698778201023e-06,-3.13282445541668e-06,5.52099135377154e-06,2.93390940112311e-06,2.38300075777969e-06,2.20979969806383e-06,2.21113072200758e-06,-3.55527742600997e-06,6.08896690083881e-07,7.52243558465773e-08,1.43937208075444e-06,-0.000145431156645282,0.000123999593018229,-9.25062572246916e-06,0.000276180405226448
"kabwe","beta21",6.63731592282756e-06,-1.26812518066522e-06,1.8483879878014e-06,-1.39977359501543e-06,-2.0921952499586e-06,2.66155159429584e-06,1.06292041899594e-06,-1.52504401391822e-06,-2.3041560596893e-06,-2.73707604947163e-06,-1.1730513666929e-05,-9.42595359217622e-06,2.13170214716199e-06,-2.8283073902795e-05,9.9713024789575e-05,-3.35990791665074e-05,-3.31526495107453e-06,-1.70080650706534e-06,3.8571914183376e-06,9.38512078788046e-07,2.47680300341468e-07,3.07003878735638e-06,-2.03781579988978e-06,1.79239026187429e-06,9.9102104974128e-06,-9.66536345885541e-06,5.50228016739494e-06,9.81871084229285e-06,6.67663214804921e-06,-2.51916431741245e-06,-1.1674419082128e-06,1.17293724052441e-06,4.63375394380393e-06,5.25688866033027e-06,-2.45955220765105e-06,-3.4460687308048e-07,-7.05021430459579e-06,2.11362051849545e-06,7.17735018376957e-06,6.49533454292562e-07,-4.56641909640231e-06,-5.3351354545682e-07,1.24435594407828e-08,-0.000288526880737733,8.41825500829997e-05,-7.8191213006335e-07,0.000676308619467225
"kabwe","beta22",8.53703935057513e-06,-1.75823278960993e-06,1.95009013401838e-06,2.43864653977513e-06,1.59563556566865e-06,-1.00273591791417e-06,-1.00871823784294e-06,3.45194221123177e-06,1.39761313501262e-06,-6.04313988587594e-06,-1.19005817079807e-06,7.62516525561264e-09,4.00649060405881e-06,-4.36584008773715e-06,-3.35990791665074e-05,7.81721422601179e-05,-3.33793777919604e-05,8.41153796470164e-07,9.78049980624484e-06,2.7944561970571e-06,1.39054344989984e-06,6.07955523345139e-06,1.05460059929974e-05,-2.68135675218864e-06,-7.16045716309771e-06,5.7525677720252e-06,6.65881211584707e-06,-1.15317915274531e-06,9.4151870874498e-06,4.59299806423157e-06,6.29616178550422e-06,-5.30551071439903e-07,-4.76280354332006e-06,-9.71126446736739e-06,-2.64451422586941e-07,-5.52104909953199e-07,1.94577053046895e-06,-3.57199380048055e-06,-1.45785857068835e-06,4.84042358012068e-06,-4.40444310410191e-07,-2.32602645364774e-07,-5.58525191629818e-07,2.24508974318864e-05,0.000353449584250174,-3.56299128640619e-05,0.000443773623126744
"kabwe","beta23",1.47376358004191e-06,4.23240812866112e-07,-1.2029645221915e-06,2.06712134904049e-06,7.12373488017431e-07,-1.67494538222338e-06,-4.54248669052818e-07,-2.45959894234485e-06,3.77037243606897e-06,2.42285496476816e-06,-2.70400669709698e-06,4.50632800248013e-08,1.34029928655067e-06,3.49116765872393e-06,-3.31526495107453e-06,-3.33793777919604e-05,6.73256267763393e-05,-3.3850715707025e-05,-2.11206599112074e-06,8.74679822060921e-06,3.4395723337802e-06,-3.55679615318414e-06,-2.46581796210591e-06,7.06625707365654e-07,1.01566673187445e-05,3.43442599086823e-07,3.02507562051476e-06,4.23900538985279e-06,1.69276576166632e-07,1.76454601972338e-07,3.11752895367046e-06,4.86660219269164e-06,1.00720811829357e-06,9.63525448275893e-06,4.60374334559692e-06,-4.59237593976698e-06,-2.60785177994577e-06,6.73472761077444e-06,-3.14675042293754e-06,-3.80714835267663e-06,3.77016376844469e-06,-3.57490510140222e-06,9.20300406479967e-07,-0.000234721427464498,-1.61935966758774e-05,1.30939479814163e-05,-0.00062094891807018
"kabwe","beta24",-2.87475965634909e-06,1.6418112143872e-06,6.54445847727137e-07,1.86849233365648e-07,9.29459767806562e-07,-2.51304672664945e-07,3.12626693506375e-06,-6.66311842319852e-07,-1.87657797851788e-06,-8.84665456066111e-07,4.82710506406677e-06,-4.59162796336091e-07,-2.88364255205099e-06,2.0682080517606e-06,-1.70080650706534e-06,8.41153796470164e-07,-3.3850715707025e-05,6.1542609224511e-05,-2.92979923157921e-05,-3.01515551910851e-06,-1.40978617599234e-06,6.01533532696241e-06,2.60399913257248e-06,1.12026908226985e-06,-3.02267285407991e-06,1.12485986186648e-05,6.25106685472864e-07,1.4538323375981e-06,-1.83101928894477e-06,4.40740585168529e-06,-8.20305056135573e-07,-2.56786191833419e-06,1.00977082517682e-06,-1.00275238909437e-06,-4.11116724514269e-06,3.43889378480592e-06,4.7727052927506e-06,-6.84824662398976e-06,5.39786373953598e-06,7.38207121633617e-07,6.67066167244846e-08,-8.22603505913736e-07,9.03854735073864e-07,3.91023884127875e-05,0.000106338486736421,-5.09332103272402e-06,0.000489344295350655
"kabwe","beta25",-5.02638420513649e-06,4.55303921337324e-06,2.66332515115122e-06,-1.36397080020892e-06,-3.79260823442045e-08,7.99652608190818e-07,-6.60757250386889e-06,1.54001244858047e-06,1.93041925546872e-06,9.18888159950325e-07,-8.97800398875401e-07,-1.99089578753484e-07,4.49827202270347e-06,2.5925822408439e-07,3.8571914183376e-06,9.78049980624484e-06,-2.11206599112074e-06,-2.92979923157921e-05,7.17171436563864e-05,-2.89316898296667e-05,1.18107747714338e-06,3.33163141604135e-06,1.60521862853212e-05,-3.14103859201651e-06,1.34492198446438e-05,-3.12911642343949e-06,6.05048681912788e-06,1.55763774598684e-05,1.36733702425075e-05,4.92954811598966e-07,-4.51162748311031e-07,1.80004993320298e-06,-4.8306172864799e-06,4.10322668131299e-06,1.60834841841481e-06,-1.10170715617879e-06,-3.07354487142255e-06,5.09373171037451e-06,-3.57779185760444e-06,-6.30379571299924e-07,-5.72139331325744e-07,1.55872254091361e-06,-1.04697683312048e-06,-0.000342893756408545,0.000325717746990549,8.61862163210656e-07,-0.000282753758593168
"kabwe","beta26",5.16310993297374e-06,-2.41151484411433e-06,-1.25361179522973e-06,1.27554115180831e-06,-2.45713487829325e-07,-1.49950281147269e-06,-2.27808909026954e-06,2.6924688913391e-06,3.58818877508352e-06,-2.240519519695e-06,-4.20065131745985e-06,1.46286857857752e-06,-7.66785826124516e-06,1.19045249203313e-06,9.38512078788046e-07,2.7944561970571e-06,8.74679822060921e-06,-3.01515551910851e-06,-2.89316898296667e-05,8.51278360601373e-05,-2.80368040131593e-05,-2.48586843739855e-05,-3.2599968707511e-06,-3.5923405237105e-06,-4.01442696295454e-06,1.69704733974639e-05,1.77170856973488e-05,-6.30519370772865e-07,4.66992497361099e-06,9.01952439225456e-06,1.66741770010679e-06,-5.01475921192981e-06,2.94672464417296e-06,5.28064649727328e-06,4.83085026328568e-07,-2.51454543971154e-06,-3.72117003922805e-06,2.93339638304253e-06,-4.70603607385989e-07,4.53577965841453e-06,5.181475330274e-06,1.98045680920119e-06,-1.51278632417887e-06,-0.000103436460761177,0.000238495563900041,-6.57267204062263e-07,-0.000408610215224512
"kabwe","beta27",1.17538773480779e-05,-3.33721189854682e-06,4.2301376575632e-06,-2.67582261577222e-06,-2.73741138260805e-06,2.40454303595072e-06,-3.26392476741846e-06,2.9502013064545e-06,-4.91576763889952e-07,2.06626234970157e-06,-4.87025720040584e-06,3.50013835679492e-06,3.80266791253076e-06,2.77380437957916e-06,2.47680300341468e-07,1.39054344989984e-06,3.4395723337802e-06,-1.40978617599234e-06,1.18107747714338e-06,-2.80368040131593e-05,8.18964440019315e-05,-1.92765501772218e-05,-1.52694122453187e-05,-3.69953525232197e-06,1.56073336046141e-06,-3.5130023740994e-06,-8.37145502882091e-08,4.96670987802789e-06,1.18185685822695e-05,3.59275970741537e-06,-2.41289492074168e-06,1.63632107043521e-06,-8.16100288185594e-06,-9.1471747202483e-06,2.19310355232427e-06,-7.93950451508802e-06,9.06620506452755e-06,2.89096444403233e-07,4.48192054263563e-06,-7.60859169303032e-07,-3.80915218961551e-06,-3.58132817089465e-06,5.67178726166332e-07,-0.000110299397552291,0.000264905301863504,-2.31432359248434e-05,-1.83885898646423e-05
"kabwe","beta28",-3.01245675426099e-06,3.41273172846181e-06,-4.31022508142248e-06,2.9430253012557e-06,1.74909119454533e-06,5.14407091705636e-06,-1.81733876174926e-06,-9.81210901104044e-06,-7.49298095316223e-07,-5.86282685152375e-06,7.29513784107615e-06,-1.01505067176414e-06,6.21923322291618e-06,8.48870620260093e-07,3.07003878735638e-06,6.07955523345139e-06,-3.55679615318414e-06,6.01533532696241e-06,3.33163141604135e-06,-2.48586843739855e-05,-1.92765501772218e-05,0.000146485032214323,-5.16639640961607e-05,3.04215366593671e-06,-1.17587898559201e-05,-1.5802659844384e-05,-4.25896681098339e-06,1.24960552118217e-05,4.51430173578064e-06,1.24874133507641e-05,1.0679038186656e-05,-3.39276526327623e-07,5.68372851438274e-06,-1.71229711562877e-05,-3.01950586451593e-06,2.00041580626256e-06,2.33180590648096e-07,-7.5064390387301e-06,1.63771212331525e-06,-3.16703459290083e-06,-2.22975748500295e-06,1.28869721767384e-06,6.61901070497957e-07,-0.000492713586993551,-6.22566646822614e-06,1.19936222040529e-05,0.00115240221820291
"kabwe","beta29",-6.77459974108018e-06,-2.29362345057457e-07,3.71706937204823e-06,3.23981233755729e-06,-2.42242345582045e-06,-8.91449704712544e-06,3.41555870500744e-06,4.67826475835429e-06,7.53833541597392e-07,4.6069419813423e-06,-4.67360509829646e-06,-7.16688271825629e-06,6.02524462160828e-06,2.91560584554867e-06,-2.03781579988978e-06,1.05460059929974e-05,-2.46581796210591e-06,2.60399913257248e-06,1.60521862853212e-05,-3.2599968707511e-06,-1.52694122453187e-05,-5.16639640961607e-05,0.000168527667190485,2.10023582463555e-06,-5.8567276846748e-05,-1.10182971975546e-05,-1.3491683897314e-06,1.73292771256229e-05,2.46442953234986e-06,2.38955074786938e-06,6.68667419137751e-06,-1.04389129926936e-06,5.76518527764948e-06,2.16558469686444e-05,-3.16064733795916e-06,3.4024464594211e-06,-5.74196127385968e-06,6.21889689509146e-06,-6.85552504424357e-07,-4.66254061796413e-06,1.26984067196074e-07,-1.34981328729346e-06,-1.23705123870652e-06,-0.000314447046884685,0.000143392466502493,1.41629981141233e-05,-0.000930836728052145
"kabwe","beta3",-7.36153902136147e-06,8.54873501468091e-07,2.48337236011097e-06,-8.87142293277872e-07,2.16233702337617e-06,1.15492844504016e-06,1.20572661748234e-06,-7.69017745343297e-07,3.98820714845377e-06,2.03599472184997e-06,1.10619836180447e-06,1.06001425621928e-06,2.29888575810231e-06,-1.4586377139636e-06,1.79239026187429e-06,-2.68135675218864e-06,7.06625707365654e-07,1.12026908226985e-06,-3.14103859201651e-06,-3.5923405237105e-06,-3.69953525232197e-06,3.04215366593671e-06,2.10023582463555e-06,6.69517333052432e-05,-3.30744995526115e-06,-3.09897042943069e-06,-1.95813573793303e-06,-2.0155874867387e-06,-2.51004432618851e-06,-1.53620296013648e-06,8.65891232111969e-06,6.12010060292149e-07,2.735801022799e-06,-4.27646188019018e-06,8.07946281133882e-07,2.40224224044714e-06,-5.7703120568298e-06,4.20590374817555e-06,-1.48405346953641e-05,-1.94037769937918e-05,-1.63759755354099e-05,-8.43826563247515e-06,2.5249194897362e-07,9.91107101433523e-05,-0.000157008061383121,1.29444871159751e-06,0.000381599729046836
"kabwe","beta30",-8.24233954645593e-07,-2.69586026570788e-06,-2.86064836611562e-06,-2.54815563433053e-06,1.4253306675263e-06,3.25284438862745e-06,2.12007270478894e-06,-1.48724584808636e-06,-1.86724771627558e-06,-4.76346908767752e-07,3.02337471411639e-07,3.41466518175452e-06,-6.23390018818414e-06,3.7072336365329e-06,9.9102104974128e-06,-7.16045716309771e-06,1.01566673187445e-05,-3.02267285407991e-06,1.34492198446438e-05,-4.01442696295454e-06,1.56073336046141e-06,-1.17587898559201e-05,-5.8567276846748e-05,-3.30744995526115e-06,0.000176195180269039,-5.46034412717423e-05,-2.00818336536482e-05,8.20217190454495e-06,6.21275373177336e-06,9.72030185708174e-06,1.66307730633916e-06,8.92492931216341e-06,-1.81607349716902e-05,4.68185123402545e-06,2.90947910055551e-06,3.46826739431013e-07,-2.25234644187293e-06,-7.73628287698877e-06,-3.89486656045614e-06,6.70158723277914e-06,1.0669272592881e-05,-2.58813716396027e-06,2.64235622218301e-07,3.83750274742426e-05,0.000296547321507993,-2.44438975719803e-05,-0.000275693381058116
"kabwe","beta31",6.39823199490943e-06,1.69903071483232e-06,1.62916820979761e-06,-4.81337455045755e-07,4.18480167745619e-06,-5.19542207052901e-06,-2.22944162659766e-06,4.7656940003361e-06,2.65055870584164e-06,-1.74265811895074e-06,-1.68455847635143e-06,-5.54322385987705e-07,-6.79600987655725e-06,9.15403163955609e-07,-9.66536345885541e-06,5.7525677720252e-06,3.43442599086823e-07,1.12485986186648e-05,-3.12911642343949e-06,1.69704733974639e-05,-3.5130023740994e-06,-1.5802659844384e-05,-1.10182971975546e-05,-3.09897042943069e-06,-5.46034412717423e-05,0.000170878432840355,-4.94230667486018e-05,-9.58310695023137e-06,1.4978167674968e-05,-2.84587694165965e-06,5.91100281794207e-06,-8.74108321577108e-06,2.42414455894781e-06,-4.30140432308192e-06,8.19895072536852e-07,-6.26624147387768e-06,-1.7281568142742e-06,7.80578416387218e-06,5.47515282130751e-06,2.81101546372423e-06,-2.88650909502285e-06,-1.30265784721927e-06,5.27711929621706e-07,-0.000204139736529487,0.000195093866750417,3.9966096915466e-06,0.000288018006442499
"kabwe","beta32",4.50025500920804e-06,4.98696506193105e-06,3.17634607005973e-06,-3.98235691613243e-06,1.71494680496082e-06,3.9459660691255e-06,-9.2041708699766e-06,-3.54737691889745e-06,-1.41109367585321e-06,-4.15575786917781e-06,-3.37364002144615e-07,2.05330067555244e-06,4.32322238564028e-06,-1.61275786580833e-06,5.50228016739494e-06,6.65881211584707e-06,3.02507562051476e-06,6.25106685472864e-07,6.05048681912788e-06,1.77170856973488e-05,-8.37145502882091e-08,-4.25896681098339e-06,-1.3491683897314e-06,-1.95813573793303e-06,-2.00818336536482e-05,-4.94230667486018e-05,0.000178995231509867,-7.59525154915762e-05,8.78720077750773e-06,2.22198089743336e-05,2.47614087098713e-06,1.76136624644588e-05,-2.92955447706338e-06,-5.69889295797042e-06,2.04470728438034e-06,8.16727457634135e-07,-4.44163777800369e-06,8.26596333854306e-06,-3.61461106160429e-06,-4.62315538687038e-06,-6.76969715591618e-08,-5.11194575953437e-07,2.45495289290285e-06,-0.000673726182785836,-5.09861566745954e-06,9.08027495929666e-06,0.00010663801327913
"kabwe","beta33",9.15295035451141e-06,-6.05885852954919e-06,-5.17727224792658e-07,-2.96597107997282e-07,2.63483747324877e-07,-2.43764347651103e-06,-3.74509731362799e-06,9.11807720809952e-06,2.3628666215743e-06,1.21505562357468e-06,-3.11997735607549e-06,-3.1271863738023e-06,1.49905728549017e-06,1.23214235489441e-06,9.81871084229285e-06,-1.15317915274531e-06,4.23900538985279e-06,1.4538323375981e-06,1.55763774598684e-05,-6.30519370772865e-07,4.96670987802789e-06,1.24960552118217e-05,1.73292771256229e-05,-2.0155874867387e-06,8.20217190454495e-06,-9.58310695023137e-06,-7.59525154915762e-05,0.00018026751835426,-7.94877204541736e-05,2.3327788047469e-05,4.11173694423076e-06,-6.76700993813666e-06,1.00595849005411e-06,2.89683217037431e-06,-2.7651978377167e-06,-7.84409960747443e-06,5.13728536499724e-07,2.24556170804141e-07,5.78265811726696e-06,1.48346484355955e-06,5.35151354939142e-06,-2.32747200946894e-06,-4.11082003119301e-06,-0.000314021041470934,0.000102489460145074,-4.20783170057506e-08,0.000237519902116714
"kabwe","beta34",1.09597224212812e-05,3.48247832063672e-06,6.21991728284261e-07,2.88517724860021e-06,7.5543795663359e-07,-1.61075273126971e-06,2.82350072419554e-06,-1.05724018679544e-05,-1.39019192079242e-06,-3.92294016463186e-06,-2.99333349198666e-06,-2.37014720420739e-08,-9.95173741572903e-07,5.21326211144656e-06,6.67663214804921e-06,9.4151870874498e-06,1.69276576166632e-07,-1.83101928894477e-06,1.36733702425075e-05,4.66992497361099e-06,1.18185685822695e-05,4.51430173578064e-06,2.46442953234986e-06,-2.51004432618851e-06,6.21275373177336e-06,1.4978167674968e-05,8.78720077750773e-06,-7.94877204541736e-05,0.000171953791406287,-8.55802846913615e-05,3.33872954836174e-05,2.57452908527244e-06,-1.0387150195841e-05,-5.37631036733541e-07,-4.70687432694226e-07,-6.57561304516099e-06,-9.85384281152973e-07,-1.23560013791873e-06,-2.25638969192746e-06,-1.00842621325004e-06,1.59774648480005e-06,2.52371574177268e-06,2.50965795573505e-06,-0.000285186607664524,0.000348960272844856,-2.85712391047735e-05,0.000330679328635662
"kabwe","beta35",-2.66439594007833e-06,-5.90959215132708e-06,8.96510017339179e-07,-2.04632243442598e-06,-4.59212844644935e-06,2.13738381165916e-06,-2.43510054995572e-06,3.51159369718604e-06,2.16410394307801e-06,8.75874866797161e-07,-2.55856157603779e-06,5.28126393440932e-06,9.46284696460148e-07,-4.01233642526872e-06,-2.51916431741245e-06,4.59299806423157e-06,1.76454601972338e-07,4.40740585168529e-06,4.92954811598966e-07,9.01952439225456e-06,3.59275970741537e-06,1.24874133507641e-05,2.38955074786938e-06,-1.53620296013648e-06,9.72030185708174e-06,-2.84587694165965e-06,2.22198089743336e-05,2.3327788047469e-05,-8.55802846913615e-05,0.000153286265129792,-5.4539755837059e-05,2.41805654713665e-05,1.46059184031879e-06,-4.24584369323145e-06,1.87104194475621e-07,-8.74244624773095e-07,2.08167736626261e-06,5.39802126663714e-06,-3.22600811202589e-06,5.25707432048142e-06,-1.62564417976304e-06,-2.36832949862248e-07,1.64401919041999e-07,-0.000290986595503482,-0.000559502476647712,2.12474822505519e-05,-0.000284412444876389
"kabwe","beta36",1.02799603067892e-05,-6.48823025588879e-06,-9.07978190165277e-07,2.43046225433665e-06,3.63748214858954e-06,-7.89456180731826e-07,2.50139034447002e-06,-4.38979229772442e-06,-2.31950808239808e-06,-4.47420977503952e-06,-2.77591527046412e-06,6.316125085349e-06,5.95529838743498e-06,2.47789246842716e-06,-1.1674419082128e-06,6.29616178550422e-06,3.11752895367046e-06,-8.20305056135573e-07,-4.51162748311031e-07,1.66741770010679e-06,-2.41289492074168e-06,1.0679038186656e-05,6.68667419137751e-06,8.65891232111969e-06,1.66307730633916e-06,5.91100281794207e-06,2.47614087098713e-06,4.11173694423076e-06,3.33872954836174e-05,-5.4539755837059e-05,0.000143178044403167,-5.39921875859162e-05,-1.3293076049989e-05,-1.92786967496548e-05,3.49900815447634e-06,-1.83768464787327e-05,-6.65358202610855e-06,3.79595482271633e-06,1.37746500125076e-06,-1.05029238536269e-05,-1.69524817478804e-06,-3.10157536950812e-06,1.88760692860905e-06,-0.000174953485191342,-0.000748246947357941,-7.38257396891439e-06,0.000375666479543034
"kabwe","beta37",-1.72342906226714e-05,4.03120126198287e-07,-1.19978521336711e-06,-9.17904938101329e-07,3.12864977823896e-06,6.16589784229862e-06,2.6592144356822e-06,-7.56836469836355e-06,-2.70435825213889e-06,5.25261595621088e-06,8.49676222479721e-06,-3.64878751041046e-06,4.95853566061357e-07,-1.00513954802107e-05,1.17293724052441e-06,-5.30551071439903e-07,4.86660219269164e-06,-2.56786191833419e-06,1.80004993320298e-06,-5.01475921192981e-06,1.63632107043521e-06,-3.39276526327623e-07,-1.04389129926936e-06,6.12010060292149e-07,8.92492931216341e-06,-8.74108321577108e-06,1.76136624644588e-05,-6.76700993813666e-06,2.57452908527244e-06,2.41805654713665e-05,-5.39921875859162e-05,0.000200121786441261,-1.80638786133735e-05,3.53577085941942e-06,5.95138133022742e-06,-4.44911262341991e-06,5.74452937591353e-06,-7.1935547997942e-06,-1.38602055526266e-06,4.19479054524158e-06,-5.7603380370699e-06,-1.51572727774158e-06,-1.84702626239166e-06,0.000216789474266338,-0.000426091011002673,5.99947285453329e-07,-0.000296470558432389
"kabwe","beta38",-3.24144750000268e-06,-2.81560846330733e-06,1.0989187154642e-06,8.35505920579108e-07,-3.97053585371047e-06,2.72810001757935e-06,1.87443563013534e-06,-2.60885311473883e-06,8.03134131847984e-06,6.73788240128548e-06,-5.07373044573331e-06,-3.36732068535346e-06,1.38144789801482e-06,-1.98698778201023e-06,4.63375394380393e-06,-4.76280354332006e-06,1.00720811829357e-06,1.00977082517682e-06,-4.8306172864799e-06,2.94672464417296e-06,-8.16100288185594e-06,5.68372851438274e-06,5.76518527764948e-06,2.735801022799e-06,-1.81607349716902e-05,2.42414455894781e-06,-2.92955447706338e-06,1.00595849005411e-06,-1.0387150195841e-05,1.46059184031879e-06,-1.3293076049989e-05,-1.80638786133735e-05,0.00020574369556571,3.04856664626747e-05,-3.64272404347511e-07,1.88781287980614e-05,2.30691816874016e-06,-6.40539376653506e-06,1.57499627425249e-07,1.14875025064374e-06,-1.96252234083793e-06,2.50360316770805e-06,-4.43814761939364e-06,0.000257225111285987,0.000146113875667966,-9.40058079148098e-06,0.000214980311027002
"kabwe","beta39",-3.0625244114069e-06,6.58985123576939e-06,-4.11422006799318e-06,1.75074051107274e-06,-6.24358937080928e-07,-3.11569164792972e-06,4.13881248820412e-06,-1.80306122809298e-06,8.01561561374897e-06,-3.983776702749e-06,3.21471518343921e-06,-7.99712103089645e-06,1.97376326875064e-06,-3.13282445541668e-06,5.25688866033027e-06,-9.71126446736739e-06,9.63525448275893e-06,-1.00275238909437e-06,4.10322668131299e-06,5.28064649727328e-06,-9.1471747202483e-06,-1.71229711562877e-05,2.16558469686444e-05,-4.27646188019018e-06,4.68185123402545e-06,-4.30140432308192e-06,-5.69889295797042e-06,2.89683217037431e-06,-5.37631036733541e-07,-4.24584369323145e-06,-1.92786967496548e-05,3.53577085941942e-06,3.04856664626747e-05,0.00025467215078863,-7.34980639065396e-06,3.05816448547133e-05,1.66849929233068e-05,8.72846688266832e-07,-3.28044907541236e-06,2.22916261677857e-06,5.35545109427444e-06,5.24602695413063e-06,1.94356477858733e-06,8.79015163231792e-05,0.000614443510297704,-1.61797728738489e-05,7.40054427175008e-06
"kabwe","beta4",-1.88121206043048e-06,-2.41835794362013e-06,1.0939562171972e-06,-7.06423748888428e-08,2.47001415742786e-06,-1.19895407584215e-06,-1.20240226050126e-06,1.07378678417998e-06,9.75659822436224e-07,8.20925227177923e-07,1.62345773336895e-06,7.50562799982324e-07,-1.12279839636076e-05,5.52099135377154e-06,-2.45955220765105e-06,-2.64451422586941e-07,4.60374334559692e-06,-4.11116724514269e-06,1.60834841841481e-06,4.83085026328568e-07,2.19310355232427e-06,-3.01950586451593e-06,-3.16064733795916e-06,8.07946281133882e-07,2.90947910055551e-06,8.19895072536852e-07,2.04470728438034e-06,-2.7651978377167e-06,-4.70687432694226e-07,1.87104194475621e-07,3.49900815447634e-06,5.95138133022742e-06,-3.64272404347511e-07,-7.34980639065396e-06,5.25030701265217e-05,4.41190652588496e-06,-6.7131793918953e-06,4.2334204711404e-06,-2.96598307803469e-06,-1.38140090404342e-05,-1.52554919434988e-05,-5.46033409335489e-06,1.20551124372679e-07,-3.81856072869268e-05,-0.000113741842117416,8.34944927781794e-06,1.95224069615742e-06
"kabwe","beta40",-9.48134225016965e-06,-3.46430554914468e-06,-1.706639408262e-06,3.29928496799139e-06,-3.03325319461429e-06,-5.34767675860049e-06,1.11854187016505e-06,5.24559515262905e-06,5.04180259516688e-06,-4.59262828315108e-06,3.08683963556704e-06,-3.47471470209589e-06,-6.0076256750368e-06,2.93390940112311e-06,-3.4460687308048e-07,-5.52104909953199e-07,-4.59237593976698e-06,3.43889378480592e-06,-1.10170715617879e-06,-2.51454543971154e-06,-7.93950451508802e-06,2.00041580626256e-06,3.4024464594211e-06,2.40224224044714e-06,3.46826739431013e-07,-6.26624147387768e-06,8.16727457634135e-07,-7.84409960747443e-06,-6.57561304516099e-06,-8.74244624773095e-07,-1.83768464787327e-05,-4.44911262341991e-06,1.88781287980614e-05,3.05816448547133e-05,4.41190652588496e-06,0.000187017506616893,-5.13786023920303e-06,-1.16659483554976e-06,-6.22316643528767e-07,2.00403775768811e-06,-3.49581359322444e-06,2.47953744137741e-06,-1.74887912915668e-06,0.000134047906484075,0.000434385957253934,-8.36061130806362e-06,-0.000291669889110598
"kabwe","beta41",3.34698981987977e-06,9.75788152970085e-06,1.33119325814824e-06,-8.63941530806481e-07,1.53341607184813e-06,-1.92885690827008e-06,5.03147247205424e-06,-1.54997800499415e-06,7.56576850730329e-07,-4.42160977619105e-07,5.83304398335559e-07,-9.13840521049269e-07,-9.8275404315549e-07,2.38300075777969e-06,-7.05021430459579e-06,1.94577053046895e-06,-2.60785177994577e-06,4.7727052927506e-06,-3.07354487142255e-06,-3.72117003922805e-06,9.06620506452755e-06,2.33180590648096e-07,-5.74196127385968e-06,-5.7703120568298e-06,-2.25234644187293e-06,-1.7281568142742e-06,-4.44163777800369e-06,5.13728536499724e-07,-9.85384281152973e-07,2.08167736626261e-06,-6.65358202610855e-06,5.74452937591353e-06,2.30691816874016e-06,1.66849929233068e-05,-6.7131793918953e-06,-5.13786023920303e-06,0.000170364891605849,1.65281834576664e-06,8.36084537686695e-06,4.77407848733474e-06,2.97347211127066e-06,-3.09329565956204e-06,-1.76594690370914e-06,-9.26683292371683e-05,-0.000122750979615585,7.42758250485582e-06,0.000141113467054024
"kabwe","beta42",3.30429258460036e-06,4.30539897799097e-06,-3.9459659025101e-06,-3.80628851457427e-06,4.61179798087767e-06,3.90023622563248e-06,-8.77830885914384e-06,2.76528727550385e-06,2.26689722483616e-06,-6.05194720571087e-06,-8.3558605262769e-07,6.05602423940045e-06,-4.00217852768863e-06,2.20979969806383e-06,2.11362051849545e-06,-3.57199380048055e-06,6.73472761077444e-06,-6.84824662398976e-06,5.09373171037451e-06,2.93339638304253e-06,2.89096444403233e-07,-7.5064390387301e-06,6.21889689509146e-06,4.20590374817555e-06,-7.73628287698877e-06,7.80578416387218e-06,8.26596333854306e-06,2.24556170804141e-07,-1.23560013791873e-06,5.39802126663714e-06,3.79595482271633e-06,-7.1935547997942e-06,-6.40539376653506e-06,8.72846688266832e-07,4.2334204711404e-06,-1.16659483554976e-06,1.65281834576664e-06,0.000177882092169324,1.8746732626888e-06,2.42447192498039e-06,-1.79295330708305e-06,-2.34333144670369e-06,5.82901381501927e-07,-0.000412530702216053,-0.000464573088735162,4.16392198895195e-05,0.000453175147732896
